available: 4 nodes (0-3)
node 0 cpus: 0 1 2 3 4 5 6 7 8 9 10 11 12 13 14 15 16 17 18 19 20 21 22 23 24 25 26 27 28 29 30 31
node 0 size: 257267 MB
node 0 free: 6421 MB
node 1 cpus: 32 33 34 35 36 37 38 39 40 41 42 43 44 45 46 47 48 49 50 51 52 53 54 55 56 57 58 59 60 61 62 63
node 1 size: 258028 MB
node 1 free: 240364 MB
node 2 cpus: 64 65 66 67 68 69 70 71 72 73 74 75 76 77 78 79 80 81 82 83 84 85 86 87 88 89 90 91 92 93 94 95
node 2 size: 258025 MB
node 2 free: 254192 MB
node 3 cpus: 96 97 98 99 100 101 102 103 104 105 106 107 108 109 110 111 112 113 114 115 116 117 118 119 120 121 122 123 124 125 126 127
node 3 size: 258040 MB
node 3 free: 250713 MB
node distances:
node   0   1   2   3 
  0:  10  12  32  32 
  1:  12  10  32  32 
  2:  32  32  10  12 
  3:  32  32  12  10 
